                 Generalized Linear Model Regression Results                  
==============================================================================
Dep. Variable:              TELEAPTYR   No. Observations:                55622
Model:                            GLM   Df Residuals:                    55585
Model Family:                Binomial   Df Model:                           36
Link Function:                  Logit   Scale:                          1.0000
Method:                          IRLS   Log-Likelihood:                -31929.
Date:                Sun, 19 Oct 2025   Deviance:                       63859.
Time:                        23:57:48   Pearson chi2:                 5.56e+04
No. Iterations:                     6   Pseudo R-squ. (CS):            0.04208
Covariance Type:                  HC1                                         
=======================================================================================
                          coef    std err          z      P>|z|      [0.025      0.975]
---------------------------------------------------------------------------------------
const                  -2.2566      0.112    -20.186      0.000      -2.476      -2.038
IRSEX_2                 0.3381      0.020     17.000      0.000       0.299       0.377
IRINSUR4_1.0            0.7930      0.044     17.979      0.000       0.707       0.879
ILLYR_1.0               0.2552      0.025     10.087      0.000       0.206       0.305
IRPYUD5ALC_1            0.1295      0.032      4.017      0.000       0.066       0.193
IRPYUD5MRJ_1            0.0740      0.042      1.744      0.081      -0.009       0.157
NEWRACE2_2              0.2077      0.031      6.733      0.000       0.147       0.268
NEWRACE2_3              0.0828      0.144      0.577      0.564      -0.199       0.364
NEWRACE2_4              0.1686      0.155      1.089      0.276      -0.135       0.472
NEWRACE2_5             -0.0073      0.042     -0.174      0.862      -0.089       0.075
NEWRACE2_6              0.0368      0.067      0.548      0.584      -0.095       0.168
NEWRACE2_7              0.1629      0.027      5.977      0.000       0.110       0.216
IRMARIT_2.0             0.1265      0.044      2.893      0.004       0.041       0.212
IRMARIT_3.0             0.2951      0.030      9.803      0.000       0.236       0.354
IRMARIT_4.0            -0.1274      0.026     -4.993      0.000      -0.177      -0.077
IRMARIT_Missing        -0.4167      0.113     -3.674      0.000      -0.639      -0.194
IREDUHIGHST2_2         -0.3464      0.130     -2.670      0.008      -0.601      -0.092
IREDUHIGHST2_3         -0.1428      0.141     -1.015      0.310      -0.418       0.133
IREDUHIGHST2_4         -0.3761      0.120     -3.133      0.002      -0.611      -0.141
IREDUHIGHST2_5         -0.0592      0.114     -0.520      0.603      -0.282       0.164
IREDUHIGHST2_6         -0.1030      0.114     -0.901      0.367      -0.327       0.121
IREDUHIGHST2_7         -0.2427      0.104     -2.333      0.020      -0.447      -0.039
IREDUHIGHST2_8         -0.2323      0.094     -2.464      0.014      -0.417      -0.048
IREDUHIGHST2_9         -0.0170      0.095     -0.179      0.858      -0.203       0.169
IREDUHIGHST2_10         0.0032      0.098      0.033      0.974      -0.188       0.195
IREDUHIGHST2_11         0.1992      0.094      2.109      0.035       0.014       0.384
IRWRKSTAT18_2.0         0.1314      0.032      4.081      0.000       0.068       0.194
IRWRKSTAT18_3.0        -0.0877      0.055     -1.608      0.108      -0.195       0.019
IRWRKSTAT18_4.0         0.2294      0.024      9.587      0.000       0.183       0.276
IRWRKSTAT18_Missing    -0.3400      0.070     -4.849      0.000      -0.477      -0.203
INCOME_2               -0.0881      0.046     -1.895      0.058      -0.179       0.003
INCOME_3               -0.1113      0.058     -1.908      0.056      -0.226       0.003
INCOME_4                0.0710      0.058      1.216      0.224      -0.043       0.185
POVERTY3_2.0            0.0589      0.046      1.284      0.199      -0.031       0.149
POVERTY3_3.0            0.1171      0.054      2.181      0.029       0.012       0.222
POVERTY3_Missing       -2.2253      2.780     -0.800      0.423      -7.674       3.224
KSSLR6YR                0.0124      0.003      4.010      0.000       0.006       0.018
=======================================================================================