                 Generalized Linear Model Regression Results                  
==============================================================================
Dep. Variable:                SUTRTPY   No. Observations:                45133
Model:                            GLM   Df Residuals:                    45097
Model Family:                Binomial   Df Model:                           35
Link Function:                  Logit   Scale:                          1.0000
Method:                          IRLS   Log-Likelihood:                -7005.5
Date:                Sat, 06 Dec 2025   Deviance:                       14011.
Time:                        21:30:27   Pearson chi2:                 4.45e+04
No. Iterations:                     7   Pseudo R-squ. (CS):            0.05454
Covariance Type:                  HC1                                         
===================================================================================
                      coef    std err          z      P>|z|      [0.025      0.975]
-----------------------------------------------------------------------------------
const              -5.1605      0.352    -14.668      0.000      -5.850      -4.471
IRPYUD5ALC_1        0.8397      0.058     14.408      0.000       0.725       0.954
IRPYUD5MRJ_1        0.4379      0.069      6.312      0.000       0.302       0.574
ILLYR_1.0           0.8701      0.059     14.861      0.000       0.755       0.985
CATAG6_3            0.6039      0.091      6.634      0.000       0.425       0.782
CATAG6_4            0.9845      0.090     10.954      0.000       0.808       1.161
CATAG6_5            0.6556      0.098      6.668      0.000       0.463       0.848
CATAG6_6           -0.1383      0.128     -1.079      0.280      -0.390       0.113
NEWRACE2_2         -0.4755      0.084     -5.680      0.000      -0.640      -0.311
NEWRACE2_3          0.3400      0.258      1.317      0.188      -0.166       0.846
NEWRACE2_4          0.3821      0.271      1.409      0.159      -0.149       0.914
NEWRACE2_5         -0.3832      0.136     -2.813      0.005      -0.650      -0.116
NEWRACE2_6         -0.3277      0.155     -2.120      0.034      -0.631      -0.025
NEWRACE2_7         -0.1726      0.066     -2.606      0.009      -0.302      -0.043
IRSEX_2            -0.1330      0.050     -2.648      0.008      -0.231      -0.035
IRINSUR4_1.0        0.5385      0.089      6.039      0.000       0.364       0.713
INCOME_2           -0.3665      0.068     -5.399      0.000      -0.500      -0.233
INCOME_3           -0.4612      0.086     -5.350      0.000      -0.630      -0.292
INCOME_4           -0.6154      0.079     -7.828      0.000      -0.770      -0.461
IREDUHIGHST2_2      0.3338      0.484      0.690      0.490      -0.615       1.282
IREDUHIGHST2_3      1.6382      0.476      3.444      0.001       0.706       2.570
IREDUHIGHST2_4      0.9107      0.391      2.328      0.020       0.144       1.677
IREDUHIGHST2_5      1.4981      0.351      4.268      0.000       0.810       2.186
IREDUHIGHST2_6      0.8992      0.362      2.487      0.013       0.190       1.608
IREDUHIGHST2_7      0.9761      0.339      2.881      0.004       0.312       1.640
IREDUHIGHST2_8      0.6029      0.329      1.833      0.067      -0.042       1.248
IREDUHIGHST2_9      0.4420      0.331      1.335      0.182      -0.207       1.091
IREDUHIGHST2_10     0.1785      0.339      0.527      0.598      -0.485       0.842
IREDUHIGHST2_11     0.0677      0.333      0.203      0.839      -0.585       0.720
IRWRKSTAT18_2.0     0.2884      0.079      3.645      0.000       0.133       0.444
IRWRKSTAT18_3.0     0.3369      0.103      3.284      0.001       0.136       0.538
IRWRKSTAT18_4.0     0.3781      0.067      5.677      0.000       0.248       0.509
IRMARIT_2.0         0.6897      0.119      5.816      0.000       0.457       0.922
IRMARIT_3.0         0.5561      0.071      7.792      0.000       0.416       0.696
IRMARIT_4.0         0.4104      0.072      5.689      0.000       0.269       0.552
IRAMDEYR_1.0        1.0754      0.061     17.720      0.000       0.956       1.194
===================================================================================