                 Generalized Linear Model Regression Results                  
==============================================================================
Dep. Variable:                MHTRTPY   No. Observations:                56705
Model:                            GLM   Df Residuals:                    56668
Model Family:                Binomial   Df Model:                           36
Link Function:                  Logit   Scale:                          1.0000
Method:                          IRLS   Log-Likelihood:                -28477.
Date:                Sun, 19 Oct 2025   Deviance:                       56955.
Time:                        23:52:54   Pearson chi2:                 5.77e+04
No. Iterations:                     5   Pseudo R-squ. (CS):            0.09143
Covariance Type:                  HC1                                         
=======================================================================================
                          coef    std err          z      P>|z|      [0.025      0.975]
---------------------------------------------------------------------------------------
const                  -3.2597      0.126    -25.943      0.000      -3.506      -3.013
IRSEX_2                 0.7209      0.022     33.155      0.000       0.678       0.764
IRINSUR4_1.0            0.5115      0.045     11.478      0.000       0.424       0.599
ILLYR_1.0               0.6517      0.026     24.737      0.000       0.600       0.703
IRPYUD5ALC_1            0.3022      0.034      8.948      0.000       0.236       0.368
IRPYUD5MRJ_1            0.2837      0.042      6.825      0.000       0.202       0.365
NEWRACE2_2             -0.8131      0.038    -21.530      0.000      -0.887      -0.739
NEWRACE2_3             -0.1865      0.147     -1.271      0.204      -0.474       0.101
NEWRACE2_4             -0.8313      0.195     -4.259      0.000      -1.214      -0.449
NEWRACE2_5             -0.8272      0.052    -16.002      0.000      -0.929      -0.726
NEWRACE2_6             -0.0205      0.067     -0.308      0.758      -0.151       0.110
NEWRACE2_7             -0.5301      0.031    -17.365      0.000      -0.590      -0.470
IRMARIT_2.0            -0.0945      0.052     -1.822      0.068      -0.196       0.007
IRMARIT_3.0             0.3969      0.033     12.021      0.000       0.332       0.462
IRMARIT_4.0             0.3333      0.028     12.016      0.000       0.279       0.388
IRMARIT_Missing         0.4599      0.099      4.667      0.000       0.267       0.653
IREDUHIGHST2_2          0.0221      0.126      0.175      0.861      -0.226       0.270
IREDUHIGHST2_3         -0.0352      0.130     -0.270      0.787      -0.291       0.221
IREDUHIGHST2_4         -0.0486      0.119     -0.408      0.684      -0.282       0.185
IREDUHIGHST2_5          0.0857      0.123      0.697      0.486      -0.155       0.327
IREDUHIGHST2_6          0.0799      0.124      0.646      0.518      -0.163       0.323
IREDUHIGHST2_7         -0.2371      0.118     -2.017      0.044      -0.467      -0.007
IREDUHIGHST2_8         -0.1169      0.107     -1.088      0.276      -0.328       0.094
IREDUHIGHST2_9          0.2419      0.108      2.242      0.025       0.030       0.453
IREDUHIGHST2_10         0.2252      0.111      2.030      0.042       0.008       0.443
IREDUHIGHST2_11         0.4897      0.108      4.552      0.000       0.279       0.701
IRWRKSTAT18_2.0         0.2064      0.034      6.070      0.000       0.140       0.273
IRWRKSTAT18_3.0         0.0079      0.058      0.137      0.891      -0.105       0.121
IRWRKSTAT18_4.0         0.0803      0.027      3.023      0.003       0.028       0.132
IRWRKSTAT18_Missing     0.6741      0.068      9.900      0.000       0.541       0.808
INCOME_2               -0.0657      0.049     -1.351      0.177      -0.161       0.030
INCOME_3                0.0831      0.062      1.351      0.177      -0.037       0.204
INCOME_4               -0.0121      0.062     -0.195      0.846      -0.133       0.109
POVERTY3_2.0           -0.0163      0.048     -0.338      0.735      -0.110       0.078
POVERTY3_3.0           -0.0781      0.057     -1.367      0.172      -0.190       0.034
POVERTY3_Missing        1.5174      1.240      1.224      0.221      -0.913       3.948
KSSLR6YR                0.0653      0.004     17.769      0.000       0.058       0.073
=======================================================================================