                 Generalized Linear Model Regression Results                  
==============================================================================
Dep. Variable:                MHTRTPY   No. Observations:                44365
Model:                            GLM   Df Residuals:                    44329
Model Family:                Binomial   Df Model:                           35
Link Function:                  Logit   Scale:                          1.0000
Method:                          IRLS   Log-Likelihood:                -21829.
Date:                Sun, 09 Nov 2025   Deviance:                       43658.
Time:                        22:41:22   Pearson chi2:                 4.50e+04
No. Iterations:                     5   Pseudo R-squ. (CS):            0.09566
Covariance Type:                  HC1                                         
===================================================================================
                      coef    std err          z      P>|z|      [0.025      0.975]
-----------------------------------------------------------------------------------
const              -2.6495      0.180    -14.742      0.000      -3.002      -2.297
CATAG6_3            0.1006      0.045      2.259      0.024       0.013       0.188
CATAG6_4            0.0592      0.045      1.327      0.184      -0.028       0.147
CATAG6_5           -0.1834      0.048     -3.827      0.000      -0.277      -0.089
CATAG6_6           -0.6832      0.055    -12.414      0.000      -0.791      -0.575
NEWRACE2_2         -0.8508      0.044    -19.493      0.000      -0.936      -0.765
NEWRACE2_3         -0.1691      0.177     -0.955      0.339      -0.516       0.178
NEWRACE2_4         -0.8689      0.233     -3.729      0.000      -1.325      -0.412
NEWRACE2_5         -0.8177      0.061    -13.405      0.000      -0.937      -0.698
NEWRACE2_6         -0.0187      0.079     -0.237      0.812      -0.173       0.136
NEWRACE2_7         -0.5356      0.036    -14.850      0.000      -0.606      -0.465
IREDUHIGHST2_2      0.3286      0.233      1.411      0.158      -0.128       0.785
IREDUHIGHST2_3      0.2431      0.350      0.694      0.488      -0.444       0.930
IREDUHIGHST2_4     -0.3424      0.229     -1.493      0.135      -0.792       0.107
IREDUHIGHST2_5      0.3441      0.187      1.838      0.066      -0.023       0.711
IREDUHIGHST2_6      0.1475      0.185      0.796      0.426      -0.216       0.511
IREDUHIGHST2_7     -0.2312      0.170     -1.362      0.173      -0.564       0.102
IREDUHIGHST2_8     -0.1076      0.158     -0.683      0.494      -0.416       0.201
IREDUHIGHST2_9      0.1860      0.158      1.178      0.239      -0.123       0.495
IREDUHIGHST2_10     0.2024      0.160      1.265      0.206      -0.111       0.516
IREDUHIGHST2_11     0.4112      0.157      2.613      0.009       0.103       0.720
RSKCIGPKD_2.0       0.1414      0.078      1.815      0.070      -0.011       0.294
RSKCIGPKD_3.0       0.3272      0.066      4.940      0.000       0.197       0.457
RSKCIGPKD_4.0       0.3595      0.063      5.666      0.000       0.235       0.484
RSKMRJWK_2.0        0.0788      0.033      2.378      0.017       0.014       0.144
RSKMRJWK_3.0       -0.2099      0.039     -5.409      0.000      -0.286      -0.134
RSKMRJWK_4.0       -0.5436      0.043    -12.585      0.000      -0.628      -0.459
IRSEX_2             0.7089      0.025     28.144      0.000       0.660       0.758
IRWRKSTAT18_2.0     0.3214      0.037      8.660      0.000       0.249       0.394
IRWRKSTAT18_3.0     0.1371      0.062      2.203      0.028       0.015       0.259
IRWRKSTAT18_4.0     0.3595      0.032     11.345      0.000       0.297       0.422
IRINSUR4_1.0        0.5685      0.050     11.421      0.000       0.471       0.666
ILLYR_1.0           0.6199      0.028     21.864      0.000       0.564       0.675
IRMARIT_2.0         0.1563      0.058      2.679      0.007       0.042       0.271
IRMARIT_3.0         0.4604      0.035     13.053      0.000       0.391       0.530
IRMARIT_4.0         0.2683      0.034      7.939      0.000       0.202       0.335
===================================================================================